#Pos	A	C	G	T	N
0	0.38136	0.22509	0.34193	0.05041	0.00121
1	0.27585	0.17305	0.24715	0.30341	0.00054
2	0.25576	0.14541	0.21187	0.38696	0.00000
3	0.28730	0.29485	0.17644	0.24141	0.00000
4	0.32493	0.21761	0.18545	0.27124	0.00077
5	0.30330	0.20483	0.21603	0.27583	0.00000
6	0.30431	0.17848	0.22819	0.28902	0.00000
7	0.27068	0.22580	0.18731	0.31622	0.00000
8	0.25993	0.21397	0.20370	0.32240	0.00000
9	0.28652	0.21487	0.21743	0.28118	0.00000
10	0.26969	0.23170	0.21961	0.27900	0.00000
11	0.26612	0.23013	0.21507	0.28868	0.00000
12	0.27771	0.22473	0.22133	0.27624	0.00000
13	0.27563	0.22362	0.21493	0.28582	0.00000
14	0.27424	0.22413	0.20963	0.29199	0.00000
15	0.27986	0.21980	0.21734	0.28300	0.00000
16	0.27941	0.22276	0.21390	0.28392	0.00000
17	0.28045	0.22080	0.21454	0.28422	0.00000
18	0.28707	0.21399	0.22714	0.27180	0.00000
19	0.28148	0.22225	0.21629	0.27998	0.00000
20	0.27825	0.22603	0.21126	0.28447	0.00000
21	0.28078	0.22201	0.21888	0.27833	0.00000
22	0.27694	0.22476	0.21511	0.28319	0.00000
23	0.27413	0.22371	0.21199	0.29013	0.00004
24	0.28105	0.21966	0.22144	0.27782	0.00002
25	0.27497	0.22651	0.21641	0.28210	0.00001
26	0.27911	0.22293	0.21350	0.28446	0.00000
27	0.27920	0.21878	0.22465	0.27735	0.00002
28	0.27598	0.22376	0.21816	0.28200	0.00010
29	0.27830	0.22267	0.21247	0.28647	0.00008
30	0.28107	0.22079	0.21988	0.27822	0.00004
31	0.27866	0.22278	0.21758	0.28098	0.00000
32	0.28207	0.22141	0.21306	0.28340	0.00006
33	0.28090	0.21860	0.21901	0.28144	0.00006
34	0.27712	0.22248	0.21670	0.28361	0.00009
35	0.27810	0.22153	0.21516	0.28519	0.00002
36	0.28342	0.21851	0.22225	0.27577	0.00005
37	0.27696	0.22373	0.22007	0.27922	0.00003
38	0.27758	0.22193	0.21531	0.28505	0.00013
39	0.28126	0.21894	0.22117	0.27841	0.00022
40	0.27997	0.22086	0.21615	0.28288	0.00014
41	0.27805	0.22128	0.21349	0.28714	0.00004
42	0.28132	0.21977	0.22189	0.27695	0.00007
43	0.28003	0.22174	0.21634	0.28179	0.00010
44	0.27735	0.22221	0.21492	0.28537	0.00014
45	0.27973	0.21869	0.22326	0.27831	0.00002
46	0.27783	0.22145	0.21829	0.28227	0.00016
47	0.28048	0.22087	0.21390	0.28470	0.00005
48	0.28205	0.21831	0.22274	0.27677	0.00014
49	0.28146	0.22034	0.21763	0.28052	0.00006
50	0.28177	0.21978	0.21326	0.28518	0.00001
51	0.28228	0.21982	0.22167	0.27601	0.00023
52	0.27931	0.22275	0.21730	0.28059	0.00004
53	0.27872	0.22023	0.21442	0.28656	0.00007
54	0.28263	0.21987	0.22266	0.27467	0.00016
55	0.27967	0.22130	0.21897	0.27997	0.00008
56	0.27919	0.22123	0.21670	0.28281	0.00007
57	0.28328	0.21839	0.22200	0.27613	0.00020
58	0.27943	0.22117	0.22026	0.27909	0.00005
59	0.27927	0.21967	0.21632	0.28473	0.00000
60	0.28240	0.21915	0.22142	0.27703	0.00000
61	0.28057	0.22163	0.21765	0.28008	0.00007
62	0.27872	0.21978	0.21644	0.28504	0.00001
63	0.28109	0.21875	0.22308	0.27703	0.00005
64	0.27983	0.22204	0.21839	0.27971	0.00002
65	0.27796	0.22026	0.21729	0.28448	0.00001
66	0.28384	0.21857	0.22156	0.27601	0.00001
67	0.28105	0.21984	0.21991	0.27912	0.00008
68	0.27978	0.21908	0.21672	0.28429	0.00013
69	0.28446	0.21805	0.22279	0.27466	0.00004
70	0.28201	0.22000	0.22025	0.27770	0.00004
71	0.28062	0.22119	0.21638	0.28179	0.00002
72	0.28410	0.21662	0.22617	0.27304	0.00006
73	0.28101	0.22040	0.22177	0.27679	0.00002
74	0.28088	0.21798	0.21753	0.28360	0.00001
75	0.28664	0.21529	0.22432	0.27371	0.00004
76	0.28145	0.22070	0.22226	0.27559	0.00001
77	0.28317	0.21915	0.21805	0.27963	0.00000
78	0.28538	0.21732	0.22390	0.27338	0.00001
79	0.28266	0.22056	0.22032	0.27644	0.00003
80	0.28335	0.21941	0.21781	0.27940	0.00004
81	0.29053	0.21816	0.22204	0.26922	0.00006
82	0.28339	0.22171	0.22083	0.27406	0.00001
83	0.28477	0.21914	0.21839	0.27770	0.00001
84	0.28755	0.21862	0.22408	0.26975	0.00000
85	0.28171	0.22034	0.22258	0.27535	0.00001
86	0.28501	0.21969	0.21696	0.27833	0.00000
87	0.28580	0.21828	0.22473	0.27116	0.00004
88	0.28256	0.21940	0.22265	0.27531	0.00008
89	0.28414	0.21877	0.21933	0.27773	0.00003
90	0.28638	0.21818	0.22536	0.27008	0.00001
91	0.28296	0.22037	0.22180	0.27488	0.00000
92	0.28281	0.22033	0.22100	0.27586	0.00000
93	0.28729	0.21815	0.22418	0.27038	0.00000
94	0.28264	0.22363	0.22246	0.27128	0.00000
95	0.28526	0.22215	0.21995	0.27264	0.00000
96	0.28547	0.22067	0.22525	0.26860	0.00000
97	0.28231	0.22412	0.22254	0.27102	0.00001
98	0.28673	0.22155	0.21932	0.27239	0.00002
99	0.28700	0.22096	0.22483	0.26721	0.00000
100	0.28271	0.22178	0.22165	0.26948	0.00438
101	0.38589	0.22300	0.33805	0.05306	0.00000
102	0.27596	0.17170	0.25046	0.30188	0.00001
103	0.25989	0.14721	0.21425	0.37866	0.00000
104	0.28563	0.29716	0.17915	0.23805	0.00000
105	0.32272	0.22066	0.18550	0.27112	0.00000
106	0.30123	0.20773	0.21659	0.27443	0.00000
107	0.30248	0.18082	0.23028	0.28631	0.00011
108	0.27032	0.22718	0.18778	0.31471	0.00000
109	0.26074	0.21540	0.20503	0.31882	0.00001
110	0.28538	0.21556	0.21910	0.27996	0.00000
111	0.26955	0.23198	0.22023	0.27822	0.00002
112	0.26624	0.23040	0.21597	0.28732	0.00008
113	0.27798	0.22459	0.22163	0.27577	0.00003
114	0.27633	0.22318	0.21535	0.28512	0.00002
115	0.27480	0.22415	0.20975	0.29115	0.00014
116	0.28005	0.21937	0.21784	0.28258	0.00016
117	0.28043	0.22230	0.21390	0.28336	0.00000
118	0.28128	0.22063	0.21478	0.28332	0.00000
119	0.28765	0.21361	0.22715	0.27159	0.00000
120	0.28221	0.22169	0.21688	0.27921	0.00001
121	0.27910	0.22570	0.21154	0.28366	0.00000
122	0.28113	0.22189	0.21894	0.27803	0.00000
123	0.27735	0.22395	0.21527	0.28342	0.00000
124	0.27503	0.22316	0.21219	0.28962	0.00000
125	0.28177	0.21940	0.22109	0.27774	0.00000
126	0.27555	0.22561	0.21649	0.28235	0.00001
127	0.27939	0.22259	0.21361	0.28440	0.00001
128	0.27963	0.21872	0.22472	0.27692	0.00002
129	0.27642	0.22341	0.21806	0.28210	0.00001
130	0.27844	0.22231	0.21307	0.28616	0.00001
131	0.28112	0.22055	0.22009	0.27815	0.00009
132	0.27838	0.22224	0.21802	0.28116	0.00020
133	0.28222	0.22098	0.21346	0.28322	0.00011
134	0.28081	0.21866	0.21928	0.28120	0.00005
135	0.27771	0.22170	0.21686	0.28360	0.00013
136	0.27777	0.22094	0.21610	0.28500	0.00019
137	0.28359	0.21824	0.22211	0.27595	0.00011
138	0.27741	0.22347	0.21990	0.27916	0.00005
139	0.27753	0.22189	0.21567	0.28486	0.00005
140	0.28127	0.21909	0.22060	0.27888	0.00016
141	0.27987	0.22055	0.21648	0.28290	0.00020
142	0.27823	0.22086	0.21399	0.28684	0.00008
143	0.28129	0.21965	0.22195	0.27706	0.00005
144	0.27992	0.22116	0.21655	0.28230	0.00007
145	0.27782	0.22202	0.21529	0.28477	0.00010
146	0.27995	0.21844	0.22336	0.27814	0.00010
147	0.27795	0.22078	0.21843	0.28263	0.00021
148	0.28076	0.22101	0.21420	0.28402	0.00002
149	0.28215	0.21818	0.22285	0.27655	0.00026
150	0.28172	0.22028	0.21789	0.27973	0.00038
151	0.28232	0.21956	0.21292	0.28504	0.00016
152	0.28229	0.21930	0.22213	0.27616	0.00012
153	0.27936	0.22221	0.21781	0.28037	0.00025
154	0.27927	0.21979	0.21455	0.28607	0.00033
155	0.28274	0.21979	0.22289	0.27420	0.00037
156	0.27996	0.22037	0.21954	0.27975	0.00038
157	0.27949	0.22064	0.21746	0.28210	0.00032
158	0.28337	0.21819	0.22248	0.27574	0.00022
159	0.27952	0.22045	0.22057	0.27912	0.00034
160	0.27952	0.21927	0.21749	0.28332	0.00041
161	0.28216	0.21889	0.22151	0.27709	0.00035
162	0.28039	0.22090	0.21848	0.27996	0.00027
163	0.27932	0.21919	0.21701	0.28425	0.00023
164	0.28064	0.21823	0.22396	0.27683	0.00033
165	0.28009	0.22100	0.21887	0.27978	0.00027
166	0.27804	0.21926	0.21812	0.28431	0.00026
167	0.28369	0.21754	0.22235	0.27604	0.00039
168	0.28099	0.21896	0.22080	0.27887	0.00038
169	0.27945	0.21776	0.21760	0.28479	0.00040
170	0.28430	0.21662	0.22389	0.27477	0.00042
171	0.28114	0.21835	0.22179	0.27832	0.00040
172	0.28027	0.21913	0.21817	0.28201	0.00041
173	0.28366	0.21495	0.22759	0.27350	0.00030
174	0.28021	0.21823	0.22383	0.27725	0.00048
175	0.28050	0.21599	0.21940	0.28385	0.00026
176	0.28588	0.21299	0.22656	0.27409	0.00048
177	0.28081	0.21772	0.22479	0.27627	0.00041
178	0.28257	0.21615	0.22098	0.27997	0.00033
179	0.28458	0.21395	0.22770	0.27337	0.00039
180	0.28219	0.21618	0.22416	0.27706	0.00040
181	0.28253	0.21529	0.22198	0.27989	0.00031
182	0.28944	0.21359	0.22632	0.27015	0.00050
183	0.28261	0.21694	0.22516	0.27490	0.00039
184	0.28348	0.21435	0.22335	0.27835	0.00047
185	0.28610	0.21283	0.22952	0.27108	0.00047
186	0.28109	0.21422	0.22845	0.27603	0.00021
187	0.28403	0.21296	0.22317	0.27934	0.00050
188	0.28448	0.21124	0.23141	0.27250	0.00037
189	0.28142	0.21191	0.22957	0.27664	0.00047
190	0.28329	0.21070	0.22672	0.27884	0.00045
191	0.28477	0.20949	0.23347	0.27192	0.00034
192	0.28197	0.21120	0.23019	0.27621	0.00042
193	0.28167	0.21069	0.23044	0.27670	0.00049
194	0.28557	0.20795	0.23412	0.27213	0.00023
195	0.28145	0.21210	0.23268	0.27337	0.00040
196	0.28454	0.21047	0.23040	0.27424	0.00035
197	0.28474	0.20841	0.23653	0.26995	0.00036
198	0.28172	0.21072	0.23425	0.27283	0.00048
199	0.28604	0.20788	0.23151	0.27421	0.00036
200	0.28627	0.20649	0.23758	0.26931	0.00036
201	0.28346	0.20691	0.23505	0.27266	0.00192
